pose_a: 3.104024242961706
pose_x: 2.534509493549837
pose_y: -0.08957090108573292
